Webots Project File version R2023b
perspectives: 000000ff00000000fd00000002000000010000025b0000020bfc0200000001fb0000001400540065007800740045006400690074006f007201000000160000020b0000008900ffffff000000030000073800000144fc0100000001fc00000000000007380000006900fffffffa000000000100000002fb0000001a0043006f006e0073006f006c00650041006c006c0041006c006c0100000000ffffffff0000006900fffffffb0000001a0043006f006e0073006f006c00650041006c006c0041006c006c0100000000ffffffff0000000000000000000004db0000020b00000001000000020000000100000008fc00000000
simulationViewPerspectives: 000000ff0000000100000002000000fc000002ef0100000002010000000100
sceneTreePerspectives: 000000ff00000001000000030000001c000000c0000000fa0100000002010000000200
maximizedDockId: -1
centralWidgetVisible: 1
orthographicViewHeight: 1
textFiles: 4 "controllers/ackerman_controller/ackerman_controller.py" "controllers/controller_test/controller_test.py" "controllers/ackerman_controller_bot/ackerman_controller_bot.py" "../../../../../opt/ros/noetic/lib/python3/dist-packages/message_filters/__init__.py" "../../../../../opt/ros/noetic/lib/python3/dist-packages/rospy/topics.py"
consoles: Console:All:All
renderingDevicePerspectives: Robot:camera;1;0.601777;0.495915;0.0307164
